   
    
 Belief propagation wth all beliefs=0.5
 Any random initialization finds the correct classification
 
beliefs1 =

    0.9469    0.0531
    0.9729    0.0271
    0.9839    0.0161
    0.8125    0.1875
    0.0190    0.9810
    0.0067    0.9933


beliefs2 =

    0.9957    0.0043
    0.9920    0.0080
    0.0060    0.9940
    0.0430    0.9570




